#mGo	mLSP	Total	TotGenW	CountsSMS	GenWeightSMS
1800	200	32362718	32362718	3479	3479.000
600	200	32362718	32362718	51541	51541.000
1950	800	32362718	32362718	2537	2537.000
1850	1400	32362718	32362718	3095	3095.000
1150	450	32362718	32362718	16735	16735.000
1300	700	32362718	32362718	4113	4113.000
1250	300	32362718	32362718	8750	8750.000
600	375	32362718	32362718	53864	53864.000
1600	100	32362718	32362718	2701	2701.000
1050	400	32362718	32362718	22167	22167.000
2000	700	32362718	32362718	2540	2540.000
1200	850	32362718	32362718	9762	9762.000
1950	1450	32362718	32362718	1658	1658.000
1150	400	32362718	32362718	15740	15740.000
1450	800	32362718	32362718	2188	2188.000
2000	1100	32362718	32362718	1161	1161.000
1300	750	32362718	32362718	8905	8905.000
1350	1125	32362718	32362718	3945	3945.000
1850	850	32362718	32362718	2273	2273.000
1800	1300	32362718	32362718	1758	1758.000
1100	800	32362718	32362718	23099	23099.000
1900	1050	32362718	32362718	2735	2735.000
1850	700	32362718	32362718	1962	1962.000
1300	800	32362718	32362718	7385	7385.000
900	675	32362718	32362718	21402	21402.000
1650	1150	32362718	32362718	2511	2511.000
1950	1400	32362718	32362718	3655	3655.000
1500	600	32362718	32362718	3840	3840.000
1600	950	32362718	32362718	3729	3729.000
1500	1200	32362718	32362718	2253	2253.000
1700	850	32362718	32362718	3545	3545.000
950	350	32362718	32362718	26324	26324.000
2000	200	32362718	32362718	3490	3490.000
1650	1350	32362718	32362718	1304	1304.000
1100	875	32362718	32362718	21071	21071.000
900	600	32362718	32362718	21884	21884.000
1300	850	32362718	32362718	4491	4491.000
1050	550	32362718	32362718	24733	24733.000
1350	600	32362718	32362718	3781	3781.000
2000	1350	32362718	32362718	2987	2987.000
700	100	32362718	32362718	19071	19071.000
1550	900	32362718	32362718	3281	3281.000
1150	350	32362718	32362718	13385	13385.000
1500	1250	32362718	32362718	1879	1879.000
1400	650	32362718	32362718	3120	3120.000
1100	450	32362718	32362718	21395	21395.000
1800	800	32362718	32362718	2816	2816.000
1550	1000	32362718	32362718	3884	3884.000
1150	650	32362718	32362718	12411	12411.000
1450	1050	32362718	32362718	2584	2584.000
1950	100	32362718	32362718	1937	1937.000
800	200	32362718	32362718	19873	19873.000
1550	200	32362718	32362718	2991	2991.000
1300	300	32362718	32362718	5777	5777.000
1700	900	32362718	32362718	2364	2364.000
1900	1350	32362718	32362718	2008	2008.000
1200	700	32362718	32362718	9270	9270.000
1350	950	32362718	32362718	4495	4495.000
1600	1050	32362718	32362718	1235	1235.000
1200	900	32362718	32362718	10089	10089.000
1300	350	32362718	32362718	5424	5424.000
1600	300	32362718	32362718	2531	2531.000
1550	800	32362718	32362718	3328	3328.000
1600	900	32362718	32362718	3793	3793.000
1650	500	32362718	32362718	3583	3583.000
900	500	32362718	32362718	20447	20447.000
1600	600	32362718	32362718	2188	2188.000
1650	1400	32362718	32362718	3257	3257.000
1900	1200	32362718	32362718	4250	4250.000
1950	700	32362718	32362718	2710	2710.000
1350	450	32362718	32362718	4883	4883.000
1800	1400	32362718	32362718	3113	3113.000
1700	600	32362718	32362718	3197	3197.000
1900	1250	32362718	32362718	2030	2030.000
1300	600	32362718	32362718	5663	5663.000
1250	200	32362718	32362718	8315	8315.000
1650	1425	32362718	32362718	3588	3588.000
1150	500	32362718	32362718	12705	12705.000
1350	400	32362718	32362718	2979	2979.000
1450	500	32362718	32362718	2386	2386.000
1000	600	32362718	32362718	18607	18607.000
1050	500	32362718	32362718	25100	25100.000
1750	750	32362718	32362718	3282	3282.000
1850	600	32362718	32362718	2003	2003.000
1600	800	32362718	32362718	3288	3288.000
1250	700	32362718	32362718	8688	8688.000
1850	1050	32362718	32362718	2920	2920.000
1900	1150	32362718	32362718	1791	1791.000
1550	500	32362718	32362718	2505	2505.000
750	450	32362718	32362718	22065	22065.000
2000	1050	32362718	32362718	2104	2104.000
1500	850	32362718	32362718	3668	3668.000
1500	1150	32362718	32362718	2676	2676.000
1450	550	32362718	32362718	2010	2010.000
1350	0	32362718	32362718	4078	4078.000
1450	850	32362718	32362718	3178	3178.000
1550	0	32362718	32362718	2192	2192.000
2000	0	32362718	32362718	2570	2570.000
1300	100	32362718	32362718	4462	4462.000
950	725	32362718	32362718	22530	22530.000
1850	1300	32362718	32362718	1843	1843.000
1000	400	32362718	32362718	21818	21818.000
1900	1550	32362718	32362718	1757	1757.000
1600	650	32362718	32362718	3143	3143.000
1700	1400	32362718	32362718	2653	2653.000
850	300	32362718	32362718	19783	19783.000
900	200	32362718	32362718	21732	21732.000
1850	100	32362718	32362718	2661	2661.000
1250	450	32362718	32362718	6377	6377.000
900	550	32362718	32362718	20467	20467.000
950	650	32362718	32362718	18346	18346.000
1750	1300	32362718	32362718	3216	3216.000
1550	400	32362718	32362718	3546	3546.000
700	400	32362718	32362718	21217	21217.000
1050	700	32362718	32362718	19106	19106.000
1950	600	32362718	32362718	3956	3956.000
1400	600	32362718	32362718	3001	3001.000
1900	1450	32362718	32362718	3554	3554.000
1000	100	32362718	32362718	20143	20143.000
2000	300	32362718	32362718	2061	2061.000
1350	750	32362718	32362718	5855	5855.000
1450	200	32362718	32362718	2401	2401.000
1600	0	32362718	32362718	3586	3586.000
2000	900	32362718	32362718	2136	2136.000
1450	1100	32362718	32362718	3716	3716.000
1500	200	32362718	32362718	2424	2424.000
700	450	32362718	32362718	19174	19174.000
1250	950	32362718	32362718	7215	7215.000
1500	1275	32362718	32362718	2078	2078.000
1500	800	32362718	32362718	2057	2057.000
1500	1100	32362718	32362718	2672	2672.000
1950	1350	32362718	32362718	2517	2517.000
1950	1050	32362718	32362718	1854	1854.000
1150	800	32362718	32362718	12970	12970.000
1800	1100	32362718	32362718	3687	3687.000
1350	700	32362718	32362718	6181	6181.000
1650	1250	32362718	32362718	2099	2099.000
1150	925	32362718	32362718	12189	12189.000
1100	600	32362718	32362718	17743	17743.000
1500	500	32362718	32362718	1420	1420.000
1600	1150	32362718	32362718	2255	2255.000
1150	550	32362718	32362718	14070	14070.000
900	350	32362718	32362718	19208	19208.000
1200	550	32362718	32362718	10920	10920.000
1250	550	32362718	32362718	6940	6940.000
1950	1300	32362718	32362718	3892	3892.000
1550	300	32362718	32362718	3684	3684.000
1600	400	32362718	32362718	3280	3280.000
1950	400	32362718	32362718	3219	3219.000
1700	1475	32362718	32362718	4229	4229.000
1000	700	32362718	32362718	22068	22068.000
1350	1100	32362718	32362718	4161	4161.000
1800	1200	32362718	32362718	3732	3732.000
1350	200	32362718	32362718	4354	4354.000
1700	200	32362718	32362718	3402	3402.000
1650	600	32362718	32362718	2972	2972.000
1600	500	32362718	32362718	3713	3713.000
1200	450	32362718	32362718	9409	9409.000
750	525	32362718	32362718	18399	18399.000
1700	1100	32362718	32362718	2350	2350.000
1750	200	32362718	32362718	2168	2168.000
1950	500	32362718	32362718	1609	1609.000
1150	900	32362718	32362718	14787	14787.000
2000	1400	32362718	32362718	3525	3525.000
1050	825	32362718	32362718	26357	26357.000
1650	800	32362718	32362718	2737	2737.000
950	450	32362718	32362718	18678	18678.000
800	500	32362718	32362718	25466	25466.000
1850	800	32362718	32362718	2557	2557.000
1000	200	32362718	32362718	20808	20808.000
1200	975	32362718	32362718	10050	10050.000
750	500	32362718	32362718	21947	21947.000
1400	800	32362718	32362718	5977	5977.000
1450	1225	32362718	32362718	2988	2988.000
1400	500	32362718	32362718	2373	2373.000
2000	600	32362718	32362718	3546	3546.000
1950	0	32362718	32362718	3362	3362.000
1550	1150	32362718	32362718	2545	2545.000
1900	0	32362718	32362718	3172	3172.000
1950	1000	32362718	32362718	2918	2918.000
1850	1100	32362718	32362718	2240	2240.000
1150	850	32362718	32362718	13027	13027.000
1350	850	32362718	32362718	3340	3340.000
1950	1550	32362718	32362718	3235	3235.000
1750	300	32362718	32362718	2811	2811.000
1600	1100	32362718	32362718	1451	1451.000
1850	1550	32362718	32362718	3351	3351.000
1450	0	32362718	32362718	1572	1572.000
1750	1525	32362718	32362718	3678	3678.000
1450	900	32362718	32362718	2051	2051.000
1900	1100	32362718	32362718	2778	2778.000
1450	1200	32362718	32362718	3605	3605.000
1100	300	32362718	32362718	20893	20893.000
1350	800	32362718	32362718	2558	2558.000
1550	1325	32362718	32362718	2216	2216.000
1900	100	32362718	32362718	2495	2495.000
1850	900	32362718	32362718	2652	2652.000
1550	1250	32362718	32362718	2825	2825.000
1850	300	32362718	32362718	2717	2717.000
1300	400	32362718	32362718	5322	5322.000
1500	400	32362718	32362718	2499	2499.000
1800	300	32362718	32362718	3841	3841.000
1500	700	32362718	32362718	4201	4201.000
1550	1050	32362718	32362718	2465	2465.000
1750	1000	32362718	32362718	3588	3588.000
1650	850	32362718	32362718	1814	1814.000
900	450	32362718	32362718	21283	21283.000
850	350	32362718	32362718	18887	18887.000
1200	300	32362718	32362718	9574	9574.000
1600	200	32362718	32362718	2559	2559.000
1250	850	32362718	32362718	7046	7046.000
1300	450	32362718	32362718	4845	4845.000
1250	900	32362718	32362718	8029	8029.000
1650	1200	32362718	32362718	1846	1846.000
1500	750	32362718	32362718	3299	3299.000
1500	650	32362718	32362718	2870	2870.000
1400	1150	32362718	32362718	3787	3787.000
1400	550	32362718	32362718	3986	3986.000
1100	850	32362718	32362718	19855	19855.000
1850	1150	32362718	32362718	2884	2884.000
650	425	32362718	32362718	38457	38457.000
1450	1150	32362718	32362718	2904	2904.000
1650	400	32362718	32362718	2943	2943.000
950	300	32362718	32362718	23071	23071.000
600	100	32362718	32362718	50973	50973.000
1750	850	32362718	32362718	2580	2580.000
1900	400	32362718	32362718	2662	2662.000
1800	1350	32362718	32362718	2194	2194.000
1150	300	32362718	32362718	14478	14478.000
1400	1100	32362718	32362718	2946	2946.000
1650	900	32362718	32362718	3510	3510.000
1200	800	32362718	32362718	11542	11542.000
700	475	32362718	32362718	22480	22480.000
1950	900	32362718	32362718	2655	2655.000
1350	1050	32362718	32362718	4131	4131.000
1050	300	32362718	32362718	21570	21570.000
1750	1150	32362718	32362718	1524	1524.000
1300	1050	32362718	32362718	3873	3873.000
1750	1450	32362718	32362718	2965	2965.000
1600	1350	32362718	32362718	4734	4734.000
1600	1300	32362718	32362718	3302	3302.000
850	625	32362718	32362718	24271	24271.000
1650	1300	32362718	32362718	3437	3437.000
950	700	32362718	32362718	19458	19458.000
750	400	32362718	32362718	25296	25296.000
1200	100	32362718	32362718	8553	8553.000
1900	300	32362718	32362718	2473	2473.000
1800	1450	32362718	32362718	2622	2622.000
1900	500	32362718	32362718	3642	3642.000
1700	950	32362718	32362718	1919	1919.000
1300	200	32362718	32362718	5190	5190.000
2000	1550	32362718	32362718	2787	2787.000
900	400	32362718	32362718	21490	21490.000
800	450	32362718	32362718	22090	22090.000
1650	0	32362718	32362718	2475	2475.000
1400	0	32362718	32362718	2378	2378.000
1000	450	32362718	32362718	17562	17562.000
1600	750	32362718	32362718	2500	2500.000
1550	1300	32362718	32362718	3657	3657.000
1350	650	32362718	32362718	4926	4926.000
1200	950	32362718	32362718	9881	9881.000
1400	450	32362718	32362718	3584	3584.000
1900	1000	32362718	32362718	3270	3270.000
600	350	32362718	32362718	58504	58504.000
1100	550	32362718	32362718	17694	17694.000
1700	1200	32362718	32362718	3147	3147.000
1850	200	32362718	32362718	1773	1773.000
1100	100	32362718	32362718	19306	19306.000
1300	550	32362718	32362718	5795	5795.000
950	550	32362718	32362718	24396	24396.000
1750	1200	32362718	32362718	2804	2804.000
2000	1150	32362718	32362718	3003	3003.000
1250	400	32362718	32362718	8105	8105.000
950	600	32362718	32362718	25416	25416.000
750	350	32362718	32362718	23677	23677.000
1450	650	32362718	32362718	2705	2705.000
1500	950	32362718	32362718	2930	2930.000
1250	650	32362718	32362718	7230	7230.000
1450	750	32362718	32362718	4532	4532.000
1000	775	32362718	32362718	18101	18101.000
1450	950	32362718	32362718	3390	3390.000
900	650	32362718	32362718	23896	23896.000
2000	1300	32362718	32362718	2571	2571.000
1650	100	32362718	32362718	3615	3615.000
1050	450	32362718	32362718	21014	21014.000
1550	750	32362718	32362718	3136	3136.000
2000	1500	32362718	32362718	5365	5365.000
1600	1250	32362718	32362718	2914	2914.000
950	500	32362718	32362718	25053	25053.000
1300	900	32362718	32362718	4430	4430.000
650	400	32362718	32362718	34312	34312.000
1900	600	32362718	32362718	1584	1584.000
1850	1500	32362718	32362718	1511	1511.000
1250	100	32362718	32362718	5848	5848.000
850	400	32362718	32362718	18997	18997.000
850	550	32362718	32362718	23778	23778.000
1300	1000	32362718	32362718	5020	5020.000
1700	700	32362718	32362718	2505	2505.000
1750	1350	32362718	32362718	3737	3737.000
1550	650	32362718	32362718	2897	2897.000
1900	1300	32362718	32362718	4054	4054.000
600	300	32362718	32362718	54972	54972.000
1200	750	32362718	32362718	11575	11575.000
1700	400	32362718	32362718	2309	2309.000
1000	750	32362718	32362718	26239	26239.000
1400	200	32362718	32362718	3555	3555.000
1450	300	32362718	32362718	4722	4722.000
1450	600	32362718	32362718	2213	2213.000
1500	0	32362718	32362718	2837	2837.000
800	350	32362718	32362718	23204	23204.000
1500	300	32362718	32362718	3427	3427.000
1900	200	32362718	32362718	3301	3301.000
1700	0	32362718	32362718	1681	1681.000
1500	900	32362718	32362718	2201	2201.000
1750	600	32362718	32362718	2744	2744.000
950	400	32362718	32362718	18964	18964.000
1800	1000	32362718	32362718	2517	2517.000
1800	100	32362718	32362718	2178	2178.000
1700	1300	32362718	32362718	2504	2504.000
1900	900	32362718	32362718	1817	1817.000
1000	0	32362718	32362718	21078	21078.000
1750	400	32362718	32362718	1939	1939.000
1950	1500	32362718	32362718	3823	3823.000
1200	0	32362718	32362718	10135	10135.000
1050	650	32362718	32362718	20094	20094.000
1200	600	32362718	32362718	11044	11044.000
1700	1050	32362718	32362718	3559	3559.000
1750	700	32362718	32362718	3061	3061.000
1650	300	32362718	32362718	2951	2951.000
1900	800	32362718	32362718	1121	1121.000
1700	100	32362718	32362718	3024	3024.000
1550	550	32362718	32362718	2592	2592.000
800	550	32362718	32362718	19186	19186.000
800	400	32362718	32362718	19254	19254.000
1800	850	32362718	32362718	2785	2785.000
800	100	32362718	32362718	22229	22229.000
1850	400	32362718	32362718	3861	3861.000
1600	1000	32362718	32362718	2629	2629.000
1600	700	32362718	32362718	2256	2256.000
1950	1100	32362718	32362718	1641	1641.000
1400	1000	32362718	32362718	3443	3443.000
1550	1200	32362718	32362718	2474	2474.000
1800	1550	32362718	32362718	2441	2441.000
1400	400	32362718	32362718	2387	2387.000
1950	1250	32362718	32362718	2294	2294.000
1950	200	32362718	32362718	2024	2024.000
1700	800	32362718	32362718	4701	4701.000
1750	1400	32362718	32362718	3246	3246.000
2000	1600	32362718	32362718	4391	4391.000
1700	1000	32362718	32362718	2774	2774.000
1250	800	32362718	32362718	5771	5771.000
1200	500	32362718	32362718	10840	10840.000
1900	700	32362718	32362718	3389	3389.000
1700	1150	32362718	32362718	2360	2360.000
1550	950	32362718	32362718	3283	3283.000
1300	500	32362718	32362718	5476	5476.000
1450	100	32362718	32362718	1574	1574.000
1750	500	32362718	32362718	2973	2973.000
1450	400	32362718	32362718	2386	2386.000
1850	1250	32362718	32362718	3332	3332.000
700	200	32362718	32362718	19546	19546.000
2000	1200	32362718	32362718	2349	2349.000
1000	300	32362718	32362718	24278	24278.000
1650	750	32362718	32362718	4702	4702.000
1550	1100	32362718	32362718	2031	2031.000
1600	1200	32362718	32362718	2473	2473.000
1750	1500	32362718	32362718	3033	3033.000
1050	600	32362718	32362718	22354	22354.000
1750	1250	32362718	32362718	2647	2647.000
1200	650	32362718	32362718	8543	8543.000
850	450	32362718	32362718	23543	23543.000
850	600	32362718	32362718	23536	23536.000
1250	350	32362718	32362718	7937	7937.000
650	300	32362718	32362718	32369	32369.000
1700	300	32362718	32362718	3617	3617.000
1650	700	32362718	32362718	2908	2908.000
1150	600	32362718	32362718	12442	12442.000
700	300	32362718	32362718	22667	22667.000
1500	550	32362718	32362718	3415	3415.000
1100	0	32362718	32362718	22673	22673.000
1700	1350	32362718	32362718	1494	1494.000
1550	850	32362718	32362718	2687	2687.000
1400	1050	32362718	32362718	2782	2782.000
1950	950	32362718	32362718	3654	3654.000
1400	750	32362718	32362718	2827	2827.000
1100	350	32362718	32362718	21767	21767.000
1850	1350	32362718	32362718	2881	2881.000
1800	900	32362718	32362718	2796	2796.000
700	350	32362718	32362718	23179	23179.000
1150	750	32362718	32362718	13737	13737.000
1800	0	32362718	32362718	3059	3059.000
1250	500	32362718	32362718	7831	7831.000
800	300	32362718	32362718	22496	22496.000
1700	1250	32362718	32362718	2736	2736.000
1000	500	32362718	32362718	20920	20920.000
1050	750	32362718	32362718	21751	21751.000
1800	1250	32362718	32362718	2223	2223.000
1900	1400	32362718	32362718	1315	1315.000
1150	700	32362718	32362718	11588	11588.000
1800	950	32362718	32362718	2157	2157.000
2000	1450	32362718	32362718	3716	3716.000
1750	1050	32362718	32362718	3911	3911.000
1350	350	32362718	32362718	4375	4375.000
1300	650	32362718	32362718	6447	6447.000
1100	400	32362718	32362718	19770	19770.000
1650	1000	32362718	32362718	2304	2304.000
1800	1050	32362718	32362718	2818	2818.000
1800	400	32362718	32362718	2218	2218.000
750	300	32362718	32362718	20843	20843.000
900	300	32362718	32362718	20869	20869.000
1350	300	32362718	32362718	4560	4560.000
1650	950	32362718	32362718	2740	2740.000
1000	650	32362718	32362718	21171	21171.000
1800	500	32362718	32362718	3024	3024.000
2000	400	32362718	32362718	3205	3205.000
1400	1175	32362718	32362718	3327	3327.000
700	0	32362718	32362718	19216	19216.000
1400	950	32362718	32362718	3325	3325.000
1750	0	32362718	32362718	3982	3982.000
1350	1000	32362718	32362718	3184	3184.000
1550	700	32362718	32362718	2964	2964.000
1200	400	32362718	32362718	8917	8917.000
1850	1600	32362718	32362718	2430	2430.000
1750	950	32362718	32362718	4566	4566.000
1850	1000	32362718	32362718	1966	1966.000
2000	800	32362718	32362718	4626	4626.000
800	575	32362718	32362718	19887	19887.000
1850	1450	32362718	32362718	3157	3157.000
1100	500	32362718	32362718	17652	17652.000
1700	750	32362718	32362718	2331	2331.000
1250	0	32362718	32362718	5807	5807.000
1250	600	32362718	32362718	7887	7887.000
1500	1050	32362718	32362718	3090	3090.000
1450	450	32362718	32362718	2188	2188.000
1350	550	32362718	32362718	5647	5647.000
2000	1250	32362718	32362718	905	905.000
1300	1075	32362718	32362718	6325	6325.000
1550	100	32362718	32362718	4037	4037.000
1000	550	32362718	32362718	23072	23072.000
1800	600	32362718	32362718	3097	3097.000
1700	1450	32362718	32362718	3122	3122.000
1900	1600	32362718	32362718	2481	2481.000
1800	1500	32362718	32362718	2608	2608.000
1550	600	32362718	32362718	1188	1188.000
1050	350	32362718	32362718	20072	20072.000
1250	750	32362718	32362718	9225	9225.000
850	500	32362718	32362718	20104	20104.000
600	0	32362718	32362718	54863	54863.000
1850	500	32362718	32362718	1739	1739.000
1800	1150	32362718	32362718	1698	1698.000
1050	800	32362718	32362718	22116	22116.000
1850	950	32362718	32362718	3094	3094.000
1750	800	32362718	32362718	1532	1532.000
1400	700	32362718	32362718	2333	2333.000
1200	200	32362718	32362718	9997	9997.000
1600	850	32362718	32362718	1636	1636.000
1400	100	32362718	32362718	2387	2387.000
1350	500	32362718	32362718	5991	5991.000
800	0	32362718	32362718	22975	22975.000
2000	500	32362718	32362718	2040	2040.000
1900	1500	32362718	32362718	3150	3150.000
1450	700	32362718	32362718	2824	2824.000
1950	1600	32362718	32362718	2708	2708.000
1450	1000	32362718	32362718	3004	3004.000
1500	100	32362718	32362718	2189	2189.000
1300	950	32362718	32362718	5499	5499.000
1750	1100	32362718	32362718	1961	1961.000
1250	1025	32362718	32362718	8666	8666.000
1500	1000	32362718	32362718	3271	3271.000
1600	1375	32362718	32362718	2885	2885.000
1100	650	32362718	32362718	20380	20380.000
1650	650	32362718	32362718	2759	2759.000
1100	200	32362718	32362718	20751	20751.000
1350	900	32362718	32362718	5309	5309.000
1950	1150	32362718	32362718	1694	1694.000
1750	900	32362718	32362718	3620	3620.000
1400	900	32362718	32362718	2232	2232.000
1400	850	32362718	32362718	1795	1795.000
1350	100	32362718	32362718	3976	3976.000
1750	100	32362718	32362718	1471	1471.000
1200	350	32362718	32362718	9774	9774.000
1300	0	32362718	32362718	5622	5622.000
1950	300	32362718	32362718	1586	1586.000
1950	1200	32362718	32362718	2030	2030.000
1800	700	32362718	32362718	3023	3023.000
1650	200	32362718	32362718	3805	3805.000
900	0	32362718	32362718	20706	20706.000
900	100	32362718	32362718	24765	24765.000
1650	1100	32362718	32362718	2491	2491.000
1250	1000	32362718	32362718	8883	8883.000
2000	1000	32362718	32362718	4393	4393.000
1850	1200	32362718	32362718	3715	3715.000
1700	500	32362718	32362718	2342	2342.000
1100	700	32362718	32362718	19901	19901.000
650	350	32362718	32362718	30016	30016.000
1100	750	32362718	32362718	18920	18920.000
1850	0	32362718	32362718	4375	4375.000
2000	100	32362718	32362718	3505	3505.000
1650	1050	32362718	32362718	4181	4181.000
1900	950	32362718	32362718	2853	2853.000
1000	350	32362718	32362718	23260	23260.000
1800	1575	32362718	32362718	3695	3695.000
1400	300	32362718	32362718	3566	3566.000
